Date,Saskatoon,North,Regina,Central,South,New,Cases,Hospitalized,ICU,Recovered,Deaths,Tests
2020-03-12,1,NA,NA,NA,NA,1,1,NA,NA,0,0,157
2020-03-13,1,NA,NA,NA,NA,1,2,NA,NA,0,0,NA
2020-03-14,NA,NA,3,NA,NA,4,6,NA,NA,0,0,NA
2020-03-15,NA,NA,NA,NA,NA,0,6,NA,NA,0,0,NA
2020-03-16,NA,NA,1,NA,NA,1,7,NA,NA,0,0,NA
2020-03-17,NA,NA,1,NA,NA,1,8,NA,NA,0,0,NA
2020-03-18,3,NA,3,NA,NA,8,16,NA,NA,0,0,NA
2020-03-19,1,NA,1,NA,NA,4,20,NA,NA,0,0,583
2020-03-20,NA,NA,4,NA,NA,6,26,NA,NA,0,0,532
2020-03-21,12,NA,5,NA,NA,18,44,NA,NA,0,0,95
2020-03-22,3,NA,1,NA,NA,8,52,NA,NA,0,0,1348
2020-03-23,9,NA,1,NA,NA,14,66,NA,NA,0,0,733
2020-03-24,4,NA,2,NA,NA,6,72,NA,NA,0,0,488
2020-03-25,7,NA,5,NA,NA,14,86,NA,NA,0,0,513
2020-03-26,3,NA,1,NA,NA,9,95,5,2,3,0,645
2020-03-27,4,NA,NA,NA,NA,9,104,4,2,3,0,665
2020-03-28,10,NA,4,NA,NA,29,134,3,3,4,0,668
2020-03-29,14,NA,2,NA,NA,23,156,3,2,8,0,838
2020-03-30,12,NA,2,NA,NA,20,176,4,1,14,2,565
2020-03-31,6,NA,3,NA,NA,20,184,3,1,21,2,475
2020-04-01,4,NA,4,NA,NA,19,193,3,1,30,3,402
2020-04-02,9,NA,1,NA,NA,13,206,2,2,36,3,867
2020-04-03,8,NA,1,NA,NA,14,220,2,1,48,3,717
2020-04-04,1,NA,5,NA,NA,11,231,3,1,55,3,558
2020-04-05,11,NA,1,NA,NA,18,249,2,2,67,3,858
2020-04-06,4,NA,0,NA,NA,4,253,2,2,81,3,650
2020-04-07,4,NA,1,NA,NA,7,260,5,2,88,3,544
2020-04-08,4,NA,4,NA,NA,11,271,6,2,103,3,899
2020-04-09,3,NA,2,NA,NA,7,278,6,2,115,3,1051
2020-04-10,4,NA,2,NA,NA,7,285,6,2,136,3,962
2020-04-11,3,NA,2,NA,NA,4,289,7,1,147,4,814
2020-04-12,2,NA,3,NA,NA,9,298,7,0,164,4,828
2020-04-13,0,NA,2,NA,NA,2,300,8,0,178,4,528
2020-04-14,0,NA,0,NA,NA,2,301,7,0,187,4,478
2020-04-15,0,NA,2,NA,NA,3,304,8,0,205,4,625
2020-04-16,0,NA,1,NA,NA,1,305,7,0,219,4,662
2020-04-17,0,NA,1,NA,NA,2,307,5,1,228,4,638
2020-04-18,1,NA,1,NA,NA,6,313,4,1,234,4,885
2020-04-19,1,NA,0,NA,NA,2,315,3,1,234,4,817
2020-04-20,0,NA,0,NA,NA,1,316,3,1,238,4,503
2020-04-21,1,NA,1,NA,NA,4,320,4,1,252,4,399
2020-04-22,0,NA,0,NA,NA,6,326,4,1,261,4,510
2020-04-23,0,NA,0,NA,NA,5,331,5,1,270,4,551
2020-04-24,0,NA,2,NA,NA,10,341,3,2,280,4,590
2020-04-25,0,NA,0,NA,NA,8,349,2,2,288,4,770
2020-04-26,0,NA,1,NA,NA,4,353,3,2,288,4,652
2020-04-27,0,NA,0,NA,NA,12,365,5,2,288,5,412
2020-04-28,0,NA,1,NA,NA,1,366,6,2,291,5,336
2020-04-29,1,NA,0,NA,NA,17,383,7,3,291,6,474
2020-04-30,2,NA,0,NA,NA,6,389,7,3,295,6,536
2020-05-01,0,NA,0,NA,NA,26,415,7,3,297,6,715
2020-05-02,1,NA,1,NA,NA,6,421,10,2,302,6,488
2020-05-03,4,NA,0,NA,NA,12,433,11,3,305,6,727
2020-05-04,1,NA,0,NA,NA,34,467,7,4,307,6,762
2020-05-05,0,NA,0,NA,NA,20,487,9,4,310,6,587
2020-05-06,1,NA,0,NA,NA,25,512,9,4,312,6,670
2020-05-07,0,NA,0,NA,NA,19,531,8,4,329,6,770
2020-05-08,0,NA,0,NA,NA,13,544,15,4,335,6,815
2020-05-09,0,NA,0,NA,NA,9,553,10,5,340,6,941
2020-05-10,0,NA,0,NA,NA,11,564,8,4,349,6,743
2020-05-11,0,NA,0,NA,NA,4,568,8,3,363,6,579
2020-05-12,0,NA,0,NA,NA,5,573,8,3,374,6,256
2020-05-13,0,NA,0,NA,NA,4,577,7,3,385,6,462
2020-05-14,0,NA,1,NA,NA,5,582,7,3,398,6,571
2020-05-15,0,NA,0,NA,NA,8,590,6,3,408,6,505
2020-05-16,1,NA,0,NA,NA,1,591,5,3,433,6,864
2020-05-17,0,NA,0,NA,NA,1,592,2,3,444,6,709
2020-05-18,0,NA,0,NA,NA,0,592,2,3,455,6,353
2020-05-19,0,NA,0,NA,NA,7,599,2,3,470,6,447
2020-05-20,1,NA,0,NA,NA,21,620,1,3,494,7,345
2020-05-21,0,NA,0,NA,NA,2,622,2,3,509,7,492
2020-05-22,0,NA,0,NA,NA,5,627,2,3,521,7,400
2020-05-23,0,NA,0,NA,NA,3,630,2,3,535,7,576
2020-05-24,0,NA,0,NA,NA,2,632,2,3,538,7,443
2020-05-25,0,NA,0,NA,NA,2,634,2,4,546,7,450
2020-05-26,0,NA,0,NA,NA,0,634,2,3,549,8,268
2020-05-27,0,NA,2,NA,NA,3,637,1,3,559,10,538
2020-05-28,1,NA,0,NA,NA,2,639,1,3,568,10,751
2020-05-29,1,NA,0,NA,NA,2,641,2,2,570,10,585
2020-05-30,0,NA,1,NA,NA,4,645,2,1,580,10,660
2020-05-31,0,NA,1,NA,NA,1,646,3,1,582,11,710
2020-06-01,0,NA,1,NA,NA,1,646,2,2,588,11,448
2020-06-02,0,NA,0,NA,NA,0,646,0,2,602,11,321
2020-06-03,0,NA,0,NA,NA,1,647,0,2,602,11,539
2020-06-04,1,NA,0,NA,NA,1,648,0,2,608,11,783
2020-06-05,0,NA,0,NA,NA,1,649,0,1,611,11,682
2020-06-06,0,NA,0,NA,NA,1,650,0,1,611,11,584
2020-06-07,0,NA,0,NA,NA,0,650,0,1,623,11,512
2020-06-08,3,NA,0,NA,NA,4,654,0,1,624,13,536
2020-06-09,1,NA,0,NA,NA,2,656,0,1,624,13,282
2020-06-10,1,NA,0,NA,NA,2,658,0,1,624,13,605
2020-06-11,1,NA,0,NA,NA,2,660,0,1,626,13,737
2020-06-12,1,NA,0,NA,NA,3,663,0,1,627,13,665
2020-06-13,0,NA,0,NA,NA,1,664,1,1,627,13,614
2020-06-14,1,NA,0,NA,NA,1,665,1,1,628,13,534
2020-06-15,3,NA,0,NA,NA,18,683,1,1,629,13,567
2020-06-16,1,NA,0,NA,NA,1,684,2,1,631,13,492
2020-06-17,2,NA,0,NA,NA,9,693,1,1,633,13,502
2020-06-18,0,NA,0,NA,NA,15,708,1,1,636,13,619
2020-06-19,1,NA,0,NA,NA,8,716,3,1,636,13,775
2020-06-20,0,NA,0,NA,NA,10,726,0,3,639,13,641
2020-06-21,0,NA,0,NA,NA,20,746,0,3,643,13,808
2020-06-22,1,NA,0,NA,NA,5,751,3,0,643,13,720
2020-06-23,1,NA,0,NA,NA,2,753,3,1,642,13,446
2020-06-24,0,NA,0,NA,NA,4,757,4,1,643,13,630
2020-06-25,1,NA,0,NA,NA,3,759,7,2,648,13,579
2020-06-26,0,NA,0,NA,NA,13,772,8,1,654,13,681
2020-06-27,0,NA,0,NA,NA,6,777,5,1,661,13,1045
2020-06-28,0,NA,0,NA,NA,1,778,6,0,661,13,639
2020-06-29,0,NA,0,NA,NA,1,779,5,0,679,13,696
2020-06-30,0,NA,0,NA,NA,6,785,4,1,684,13,444
2020-07-01,0,NA,0,NA,NA,4,789,3,2,690,13,614
2020-07-02,1,NA,0,NA,NA,6,795,3,3,701,14,689
2020-07-03,0,NA,0,NA,NA,1,796,1,3,711,14,548
2020-07-04,0,NA,0,NA,NA,2,798,2,2,727,14,674
2020-07-05,2,NA,0,NA,NA,5,802,2,2,729,14,718
2020-07-06,0,NA,0,NA,NA,3,805,3,1,732,14,707
2020-07-07,1,NA,0,NA,NA,1,806,4,0,737,15,404
2020-07-08,1,NA,0,NA,NA,2,808,3,0,746,15,581
2020-07-09,1,NA,0,NA,NA,5,813,4,1,750,15,882
2020-07-10,0,NA,0,NA,NA,2,815,3,1,757,15,803
2020-07-11,0,NA,0,NA,NA,2,817,2,1,762,15,884
2020-07-12,5,NA,2,NA,NA,23,840,2,2,763,15,962
2020-07-13,1,NA,2,NA,NA,31,871,1,2,766,15,755
2020-07-14,1,NA,1,NA,NA,5,876,4,2,785,15,613
2020-07-15,1,NA,1,NA,NA,5,881,6,2,791,15,920
2020-07-16,3,NA,0,NA,NA,42,923,9,2,794,15,1157
2020-07-17,0,NA,2,NA,NA,13,936,11,1,793,15,1139
2020-07-18,1,NA,0,NA,NA,6,941,6,2,798,15,1339
2020-07-19,1,NA,0,NA,NA,5,943,9,3,798,15,1295
2020-07-20,5,NA,0,NA,NA,19,962,7,3,798,15,1319
2020-07-21,1,NA,0,NA,NA,8,970,9,3,813,15,733
2020-07-22,4,NA,0,NA,NA,60,1030,10,3,825,15,1240
2020-07-23,2,NA,0,NA,NA,42,1072,9,4,838,16,1468
2020-07-24,0,NA,1,NA,NA,27,1099,10,4,848,16,1604
2020-07-25,1,NA,0,NA,NA,37,1136,9,4,862,16,1799
2020-07-26,10,NA,0,NA,NA,42,1178,9,4,873,16,1396
2020-07-27,NA,NA,NA,NA,NA,31,1209,10,4,886,16,1613
2020-07-28,NA,NA,NA,NA,NA,9,1218,8,5,907,17,873
2020-07-29,NA,NA,NA,NA,NA,50,1268,10,5,929,17,1355
2020-07-30,NA,NA,NA,NA,NA,38,1306,9,5,984,18,1682
2020-07-31,NA,NA,NA,NA,NA,14,1319,9,6,1008,18,1804
2020-08-01,NA,NA,NA,NA,NA,15,1334,8,6,1054,18,1807
2020-08-02,NA,NA,NA,NA,NA,8,1342,11,7,1070,18,2104
2020-08-03,NA,NA,NA,NA,NA,17,1359,9,6,1089,18,1170
2020-08-04,NA,NA,NA,NA,NA,9,1368,7,7,1097,18,688
2020-08-05,NA,NA,NA,NA,NA,8,1376,7,8,1133,18,786
2020-08-06,NA,NA,NA,NA,NA,11,1387,7,6,1164,19,954
2020-08-07,NA,NA,NA,NA,NA,23,1409,9,4,1221,20,2129
2020-08-08,NA,NA,NA,NA,NA,24,1433,8,5,1245,20,1655
2020-08-09,NA,NA,NA,NA,NA,15,1445,7,6,1257,20,1945
2020-08-10,NA,NA,NA,NA,NA,5,1450,8,5,1265,20,1297
2020-08-11,NA,NA,NA,NA,NA,29,1479,6,5,1294,20,927
2020-08-12,NA,NA,NA,NA,NA,5,1484,5,5,1314,20,1032
2020-08-13,NA,NA,NA,NA,NA,27,1511,5,5,1325,20,1800
2020-08-14,NA,NA,NA,NA,NA,30,1541,5,5,1347,20,1666
2020-08-15,NA,NA,NA,NA,NA,25,1566,3,5,1356,21,2016
2020-08-16,NA,NA,NA,NA,NA,15,1580,4,4,1365,22,1759
2020-08-17,NA,NA,NA,NA,NA,1,1581,4,4,1387,22,1043
2020-08-18,NA,NA,NA,NA,NA,1,1582,4,4,1403,22,931
2020-08-19,NA,NA,NA,NA,NA,4,1586,3,4,1410,22,962
2020-08-20,NA,NA,NA,NA,NA,4,1590,1,4,1419,22,1443
2020-08-21,NA,NA,NA,NA,NA,6,1595,1,4,1439,22,1272
2020-08-22,NA,NA,NA,NA,NA,2,1597,1,4,1458,22,1757
2020-08-23,NA,NA,NA,NA,NA,3,1600,1,4,1472,22,1260
2020-08-24,NA,NA,NA,NA,NA,3,1602,1,4,1482,22,1031
2020-08-25,NA,NA,NA,NA,NA,0,1601,1,3,1490,23,388
2020-08-26,NA,NA,NA,NA,NA,3,1604,1,2,1520,24,1116
2020-08-27,NA,NA,NA,NA,NA,5,1609,1,2,1527,24,1196
2020-08-28,NA,NA,NA,NA,NA,2,1611,1,2,1543,24,1478
2020-08-29,NA,NA,NA,NA,NA,4,1615,1,2,1548,24,1574
2020-08-30,NA,NA,NA,NA,NA,0,1615,1,2,1549,24,1203
2020-08-31,NA,NA,NA,NA,NA,4,1619,1,2,1561,24,937
2020-09-01,NA,NA,NA,NA,NA,2,1621,1,2,1567,24,603
2020-09-02,NA,NA,NA,NA,NA,2,1624,1,1,1571,24,1151
2020-09-03,NA,NA,NA,NA,NA,10,1634,1,1,1574,24,1255
2020-09-04,NA,NA,NA,NA,NA,4,1638,2,1,1578,24,1197
2020-09-05,NA,NA,NA,NA,NA,5,1643,1,1,1579,24,1965
2020-09-06,NA,NA,NA,NA,NA,8,1651,0,1,1579,24,1990
2020-09-07,NA,NA,NA,NA,NA,10,1661,0,1,1580,24,1693
2020-09-08,NA,NA,NA,NA,NA,7,1668,0,1,1587,24,983
2020-09-09,NA,NA,NA,NA,NA,1,1670,0,1,1587,24,704
2020-09-10,NA,NA,NA,NA,NA,6,1675,1,0,1593,24,1028
2020-09-11,NA,NA,NA,NA,NA,13,1688,2,0,1598,24,1500
2020-09-12,NA,NA,NA,NA,NA,21,1709,2,0,1602,24,1419
2020-09-13,NA,NA,NA,NA,NA,16,1725,2,0,1603,24,1525
2020-09-14,NA,NA,NA,NA,NA,8,1731,3,0,1604,24,1679
2020-09-15,NA,NA,NA,NA,NA,10,1741,4,0,1616,24,1576
2020-09-16,NA,NA,NA,NA,NA,9,1750,4,0,1620,24,1138
2020-09-17,NA,NA,NA,NA,NA,7,1757,5,0,1624,24,1459
2020-09-18,NA,NA,NA,NA,NA,19,1776,5,0,1639,24,1858
2020-09-19,NA,NA,NA,NA,NA,11,1787,9,1,1642,24,2682
2020-09-20,NA,NA,NA,NA,NA,19,1806,9,1,1643,24,2235
2020-09-21,NA,NA,NA,NA,NA,7,1814,9,1,1645,24,1638
2020-09-22,NA,NA,NA,NA,NA,10,1824,8,1,1654,24,1539
2020-09-23,NA,NA,NA,NA,NA,6,1830,8,1,1673,24,1455
2020-09-24,NA,NA,NA,NA,NA,5,1835,8,0,1681,24,1415
2020-09-25,NA,NA,NA,NA,NA,10,1845,8,0,1699,24,1575
2020-09-26,NA,NA,NA,NA,NA,19,1863,8,0,1705,24,2856
2020-09-27,NA,NA,NA,NA,NA,14,1877,7,0,1710,24,2390
2020-09-28,NA,NA,NA,NA,NA,14,1892,8,0,1719,24,2051
2020-09-29,NA,NA,NA,NA,NA,7,1899,8,0,1737,24,1366
2020-09-30,NA,NA,NA,NA,NA,14,1913,8,1,1750,24,1173
2020-10-01,NA,NA,NA,NA,NA,14,1927,7,0,1759,24,2086
2020-10-02,NA,NA,NA,NA,NA,13,1940,6,0,1769,24,2103
2020-10-03,NA,NA,NA,NA,NA,14,1954,0,1,1782,24,2598
2020-10-04,NA,NA,NA,NA,NA,5,1959,0,1,1782,24,1234
2020-10-05,NA,NA,NA,NA,NA,9,1968,0,1,1801,24,2492
2020-10-06,NA,NA,NA,NA,NA,15,1983,1,1,1821,24,1480
2020-10-07,NA,NA,NA,NA,NA,10,1994,4,1,1832,24,1592
2020-10-08,NA,NA,NA,NA,NA,18,2012,6,1,1845,24,1632
2020-10-09,NA,NA,NA,NA,NA,22,2034,6,2,1871,24,2101
2020-10-10,NA,NA,NA,NA,NA,34,2068,4,2,1883,24,1667
2020-10-11,NA,NA,NA,NA,NA,24,2092,4,2,1888,25,2850
2020-10-12,NA,NA,NA,NA,NA,48,2140,7,1,1900,25,2986
2020-10-13,NA,NA,NA,NA,NA,32,2172,7,2,1911,25,1325
2020-10-14,NA,NA,NA,NA,NA,25,2198,6,1,1920,25,1539
2020-10-15,NA,NA,NA,NA,NA,33,2231,6,2,1936,25,2151
2020-10-16,NA,NA,NA,NA,NA,40,2270,7,2,1946,25,2373
2020-10-17,NA,NA,NA,NA,NA,35,2305,9,2,1955,25,2208
2020-10-18,NA,NA,NA,NA,NA,23,2328,12,2,1963,25,2551
2020-10-19,NA,NA,NA,NA,NA,66,2394,16,2,1973,25,2029
2020-10-20,NA,NA,NA,NA,NA,44,2439,16,2,1987,25,2304
2020-10-21,NA,NA,NA,NA,NA,57,2496,15,2,2002,25,2306
2020-10-22,NA,NA,NA,NA,NA,59,2556,18,3,2024,25,2055
2020-10-23,NA,NA,NA,NA,NA,33,2589,16,4,2055,25,2023
2020-10-24,NA,NA,NA,NA,NA,78,2667,17,4,2070,25,2634
2020-10-25,NA,NA,NA,NA,NA,60,2727,21,4,2085,25,2405
